(kicad_pcb (version 20171130) (host pcbnew "(5.1.11-2-g3484334d15)-1")

  (general
    (thickness 1.6)
    (drawings 39)
    (tracks 15875)
    (zones 0)
    (modules 196)
    (nets 170)
  )

  (page A4)
  (layers
    (0 F.Cu signal)
    (1 In1.Cu signal hide)
    (2 In2.Cu signal hide)
    (31 B.Cu signal)
    (32 B.Adhes user hide)
    (33 F.Adhes user hide)
    (34 B.Paste user hide)
    (35 F.Paste user hide)
    (36 B.SilkS user)
    (37 F.SilkS user)
    (38 B.Mask user hide)
    (39 F.Mask user hide)
    (40 Dwgs.User user)
    (41 Cmts.User user hide)
    (42 Eco1.User user hide)
    (43 Eco2.User user hide)
    (44 Edge.Cuts user)
    (45 Margin user hide)
    (46 B.CrtYd user hide)
    (47 F.CrtYd user hide)
    (48 B.Fab user hide)
    (49 F.Fab user hide)
  )

  (setup
    (last_trace_width 0.125)
    (user_trace_width 0.15)
    (user_trace_width 0.25)
    (user_trace_width 0.3)
    (user_trace_width 0.5)
    (trace_clearance 0.125)
    (zone_clearance 0)
    (zone_45_only no)
    (trace_min 0.125)
    (via_size 0.4)
    (via_drill 0.25)
    (via_min_size 0.2)
    (via_min_drill 0.2)
    (user_via 0.4 0.25)
    (user_via 0.5 0.25)
    (user_via 0.5 0.3)
    (uvia_size 0.3)
    (uvia_drill 0.1)
    (uvias_allowed no)
    (uvia_min_size 0.2)
    (uvia_min_drill 0.1)
    (edge_width 0.05)
    (segment_width 0.2)
    (pcb_text_width 0.3)
    (pcb_text_size 1.5 1.5)
    (mod_edge_width 0.12)
    (mod_text_size 1 1)
    (mod_text_width 0.15)
    (pad_size 0.8 0.8)
    (pad_drill 0.61)
    (pad_to_mask_clearance 0)
    (aux_axis_origin 0 0)
    (visible_elements 7FFFFFFF)
    (pcbplotparams
      (layerselection 0x010fc_ffffffff)
      (usegerberextensions false)
      (usegerberattributes true)
      (usegerberadvancedattributes true)
      (creategerberjobfile true)
      (excludeedgelayer true)
      (linewidth 0.100000)
      (plotframeref false)
      (viasonmask false)
      (mode 1)
      (useauxorigin false)
      (hpglpennumber 1)
      (hpglpenspeed 20)
      (hpglpendiameter 15.000000)
      (psnegative false)
      (psa4output false)
      (plotreference true)
      (plotvalue true)
      (plotinvisibletext false)
      (padsonsilk false)
      (subtractmaskfromsilk false)
      (outputformat 1)
      (mirror false)
      (drillshape 1)
      (scaleselection 1)
      (outputdirectory ""))
  )

  (net 0 "")
  (net 1 GND)
  (net 2 "Net-(C93-Pad1)")
  (net 3 "Net-(C95-Pad1)")
  (net 4 /L48)
  (net 5 "Net-(C1-Pad1)")
  (net 6 "Net-(C3-Pad1)")
  (net 7 "Net-(C5-Pad1)")
  (net 8 "Net-(C7-Pad1)")
  (net 9 "Net-(C9-Pad1)")
  (net 10 "Net-(C11-Pad1)")
  (net 11 "Net-(C13-Pad1)")
  (net 12 "Net-(C15-Pad1)")
  (net 13 "Net-(C17-Pad1)")
  (net 14 "Net-(C19-Pad1)")
  (net 15 "Net-(C21-Pad1)")
  (net 16 "Net-(C23-Pad1)")
  (net 17 "Net-(C25-Pad1)")
  (net 18 "Net-(C27-Pad1)")
  (net 19 "Net-(C29-Pad1)")
  (net 20 "Net-(C31-Pad1)")
  (net 21 "Net-(C33-Pad1)")
  (net 22 "Net-(C35-Pad1)")
  (net 23 "Net-(C37-Pad1)")
  (net 24 "Net-(C39-Pad1)")
  (net 25 "Net-(C41-Pad1)")
  (net 26 "Net-(C43-Pad1)")
  (net 27 "Net-(C45-Pad1)")
  (net 28 "Net-(C47-Pad1)")
  (net 29 "Net-(C49-Pad1)")
  (net 30 "Net-(C51-Pad1)")
  (net 31 "Net-(C53-Pad1)")
  (net 32 "Net-(C55-Pad1)")
  (net 33 "Net-(C57-Pad1)")
  (net 34 "Net-(C59-Pad1)")
  (net 35 "Net-(C61-Pad1)")
  (net 36 "Net-(C63-Pad1)")
  (net 37 "Net-(C65-Pad1)")
  (net 38 "Net-(C67-Pad1)")
  (net 39 "Net-(C69-Pad1)")
  (net 40 "Net-(C71-Pad1)")
  (net 41 "Net-(C73-Pad1)")
  (net 42 "Net-(C75-Pad1)")
  (net 43 "Net-(C77-Pad1)")
  (net 44 "Net-(C79-Pad1)")
  (net 45 "Net-(C81-Pad1)")
  (net 46 "Net-(C83-Pad1)")
  (net 47 "Net-(C85-Pad1)")
  (net 48 "Net-(C87-Pad1)")
  (net 49 "Net-(C89-Pad1)")
  (net 50 "Net-(C91-Pad1)")
  (net 51 /L46)
  (net 52 /L44)
  (net 53 /L40)
  (net 54 /L34)
  (net 55 /L38)
  (net 56 /L28)
  (net 57 /L36)
  (net 58 /L42)
  (net 59 /L30)
  (net 60 /L32)
  (net 61 /L26)
  (net 62 /L23)
  (net 63 /L21)
  (net 64 /L19)
  (net 65 /L15)
  (net 66 /L09)
  (net 67 /L13)
  (net 68 /L03)
  (net 69 /L11)
  (net 70 /L17)
  (net 71 /L05)
  (net 72 /L07)
  (net 73 /L01)
  (net 74 /L24)
  (net 75 /L22)
  (net 76 /L20)
  (net 77 /L16)
  (net 78 /L10)
  (net 79 /L14)
  (net 80 /L04)
  (net 81 /L12)
  (net 82 /L18)
  (net 83 /L06)
  (net 84 /L08)
  (net 85 /L02)
  (net 86 /L47)
  (net 87 /L45)
  (net 88 /L43)
  (net 89 /L41)
  (net 90 /L39)
  (net 91 /L37)
  (net 92 /L35)
  (net 93 /L33)
  (net 94 /L31)
  (net 95 /L29)
  (net 96 /L27)
  (net 97 /L25)
  (net 98 /S01)
  (net 99 /S02)
  (net 100 /S03)
  (net 101 /S04)
  (net 102 /S05)
  (net 103 /S06)
  (net 104 /S07)
  (net 105 /S08)
  (net 106 /S09)
  (net 107 /S10)
  (net 108 /S11)
  (net 109 /S12)
  (net 110 /S13)
  (net 111 /S14)
  (net 112 /S15)
  (net 113 /S16)
  (net 114 /S17)
  (net 115 /S18)
  (net 116 /S19)
  (net 117 /S20)
  (net 118 /S21)
  (net 119 /S22)
  (net 120 /S23)
  (net 121 /S24)
  (net 122 /S25)
  (net 123 /S26)
  (net 124 /S27)
  (net 125 /S28)
  (net 126 /S29)
  (net 127 /S30)
  (net 128 /S31)
  (net 129 /S32)
  (net 130 /S33)
  (net 131 /S34)
  (net 132 /S35)
  (net 133 /S36)
  (net 134 /S37)
  (net 135 /S38)
  (net 136 /S39)
  (net 137 /S40)
  (net 138 /S41)
  (net 139 /S42)
  (net 140 /S43)
  (net 141 /S44)
  (net 142 /S45)
  (net 143 /S46)
  (net 144 /S47)
  (net 145 /S48)
  (net 146 /R23)
  (net 147 /R15)
  (net 148 /R21)
  (net 149 /R13)
  (net 150 /R09)
  (net 151 /R03)
  (net 152 /R01)
  (net 153 /R05)
  (net 154 /R11)
  (net 155 /R07)
  (net 156 /R17)
  (net 157 /R19)
  (net 158 /R12)
  (net 159 /R08)
  (net 160 /R18)
  (net 161 /R04)
  (net 162 /R14)
  (net 163 /R06)
  (net 164 /R02)
  (net 165 /R10)
  (net 166 /R22)
  (net 167 /R16)
  (net 168 /R20)
  (net 169 /R24)

  (net_class Default "This is the default net class."
    (clearance 0.125)
    (trace_width 0.125)
    (via_dia 0.4)
    (via_drill 0.25)
    (uvia_dia 0.3)
    (uvia_drill 0.1)
    (add_net /L01)
    (add_net /L02)
    (add_net /L03)
    (add_net /L04)
    (add_net /L05)
    (add_net /L06)
    (add_net /L07)
    (add_net /L08)
    (add_net /L09)
    (add_net /L10)
    (add_net /L11)
    (add_net /L12)
    (add_net /L13)
    (add_net /L14)
    (add_net /L15)
    (add_net /L16)
    (add_net /L17)
    (add_net /L18)
    (add_net /L19)
    (add_net /L20)
    (add_net /L21)
    (add_net /L22)
    (add_net /L23)
    (add_net /L24)
    (add_net /L25)
    (add_net /L26)
    (add_net /L27)
    (add_net /L28)
    (add_net /L29)
    (add_net /L30)
    (add_net /L31)
    (add_net /L32)
    (add_net /L33)
    (add_net /L34)
    (add_net /L35)
    (add_net /L36)
    (add_net /L37)
    (add_net /L38)
    (add_net /L39)
    (add_net /L40)
    (add_net /L41)
    (add_net /L42)
    (add_net /L43)
    (add_net /L44)
    (add_net /L45)
    (add_net /L46)
    (add_net /L47)
    (add_net /L48)
    (add_net /R01)
    (add_net /R02)
    (add_net /R03)
    (add_net /R04)
    (add_net /R05)
    (add_net /R06)
    (add_net /R07)
    (add_net /R08)
    (add_net /R09)
    (add_net /R10)
    (add_net /R11)
    (add_net /R12)
    (add_net /R13)
    (add_net /R14)
    (add_net /R15)
    (add_net /R16)
    (add_net /R17)
    (add_net /R18)
    (add_net /R19)
    (add_net /R20)
    (add_net /R21)
    (add_net /R22)
    (add_net /R23)
    (add_net /R24)
    (add_net /S01)
    (add_net /S02)
    (add_net /S03)
    (add_net /S04)
    (add_net /S05)
    (add_net /S06)
    (add_net /S07)
    (add_net /S08)
    (add_net /S09)
    (add_net /S10)
    (add_net /S11)
    (add_net /S12)
    (add_net /S13)
    (add_net /S14)
    (add_net /S15)
    (add_net /S16)
    (add_net /S17)
    (add_net /S18)
    (add_net /S19)
    (add_net /S20)
    (add_net /S21)
    (add_net /S22)
    (add_net /S23)
    (add_net /S24)
    (add_net /S25)
    (add_net /S26)
    (add_net /S27)
    (add_net /S28)
    (add_net /S29)
    (add_net /S30)
    (add_net /S31)
    (add_net /S32)
    (add_net /S33)
    (add_net /S34)
    (add_net /S35)
    (add_net /S36)
    (add_net /S37)
    (add_net /S38)
    (add_net /S39)
    (add_net /S40)
    (add_net /S41)
    (add_net /S42)
    (add_net /S43)
    (add_net /S44)
    (add_net /S45)
    (add_net /S46)
    (add_net /S47)
    (add_net /S48)
    (add_net GND)
    (add_net "Net-(C1-Pad1)")
    (add_net "Net-(C11-Pad1)")
    (add_net "Net-(C13-Pad1)")
    (add_net "Net-(C15-Pad1)")
    (add_net "Net-(C17-Pad1)")
    (add_net "Net-(C19-Pad1)")
    (add_net "Net-(C21-Pad1)")
    (add_net "Net-(C23-Pad1)")
    (add_net "Net-(C25-Pad1)")
    (add_net "Net-(C27-Pad1)")
    (add_net "Net-(C29-Pad1)")
    (add_net "Net-(C3-Pad1)")
    (add_net "Net-(C31-Pad1)")
    (add_net "Net-(C33-Pad1)")
    (add_net "Net-(C35-Pad1)")
    (add_net "Net-(C37-Pad1)")
    (add_net "Net-(C39-Pad1)")
    (add_net "Net-(C41-Pad1)")
    (add_net "Net-(C43-Pad1)")
    (add_net "Net-(C45-Pad1)")
    (add_net "Net-(C47-Pad1)")
    (add_net "Net-(C49-Pad1)")
    (add_net "Net-(C5-Pad1)")
    (add_net "Net-(C51-Pad1)")
    (add_net "Net-(C53-Pad1)")
    (add_net "Net-(C55-Pad1)")
    (add_net "Net-(C57-Pad1)")
    (add_net "Net-(C59-Pad1)")
    (add_net "Net-(C61-Pad1)")
    (add_net "Net-(C63-Pad1)")
    (add_net "Net-(C65-Pad1)")
    (add_net "Net-(C67-Pad1)")
    (add_net "Net-(C69-Pad1)")
    (add_net "Net-(C7-Pad1)")
    (add_net "Net-(C71-Pad1)")
    (add_net "Net-(C73-Pad1)")
    (add_net "Net-(C75-Pad1)")
    (add_net "Net-(C77-Pad1)")
    (add_net "Net-(C79-Pad1)")
    (add_net "Net-(C81-Pad1)")
    (add_net "Net-(C83-Pad1)")
    (add_net "Net-(C85-Pad1)")
    (add_net "Net-(C87-Pad1)")
    (add_net "Net-(C89-Pad1)")
    (add_net "Net-(C9-Pad1)")
    (add_net "Net-(C91-Pad1)")
    (add_net "Net-(C93-Pad1)")
    (add_net "Net-(C95-Pad1)")
  )

  (module microD:microD_socket_25_vertical_NorComp (layer B.Cu) (tedit 6214F162) (tstamp 6217A83E)
    (at 114.34 99.95 90)
    (path /62291F39)
    (fp_text reference J2 (at 0.4 4.45 270) (layer B.SilkS) hide
      (effects (font (size 1 1) (thickness 0.15)) (justify mirror))
    )
    (fp_text value "microD 25" (at -0.25 2.55 270) (layer B.Fab) hide
      (effects (font (size 1 1) (thickness 0.15)) (justify mirror))
    )
    (fp_line (start -14.85 3.7) (end 14.85 3.7) (layer Dwgs.User) (width 0.12))
    (fp_line (start 14.85 3.7) (end 14.85 -3.7) (layer Dwgs.User) (width 0.12))
    (fp_line (start 14.85 -3.7) (end -14.85 -3.7) (layer Dwgs.User) (width 0.12))
    (fp_line (start -14.85 -3.7) (end -14.85 3.7) (layer Dwgs.User) (width 0.12))
    (fp_circle (center 12.275 0) (end 13.525 0) (layer Dwgs.User) (width 0.12))
    (fp_circle (center -12.275 0) (end -11.025 0) (layer Dwgs.User) (width 0.12))
    (pad 25 thru_hole circle (at -6.985 -0.55 90) (size 0.85 0.85) (drill 0.5) (layers *.Cu *.Mask)
      (net 169 /R24))
    (pad 24 thru_hole circle (at -5.715 -0.55 90) (size 0.85 0.85) (drill 0.5) (layers *.Cu *.Mask)
      (net 166 /R22))
    (pad 23 thru_hole circle (at -4.445 -0.55 90) (size 0.85 0.85) (drill 0.5) (layers *.Cu *.Mask)
      (net 168 /R20))
    (pad 22 thru_hole circle (at -3.175 -0.55 90) (size 0.85 0.85) (drill 0.5) (layers *.Cu *.Mask)
      (net 160 /R18))
    (pad 21 thru_hole circle (at -1.905 -0.55 90) (size 0.85 0.85) (drill 0.5) (layers *.Cu *.Mask)
      (net 167 /R16))
    (pad 20 thru_hole circle (at -0.635 -0.55 90) (size 0.85 0.85) (drill 0.5) (layers *.Cu *.Mask)
      (net 162 /R14))
    (pad 19 thru_hole circle (at 0.635 -0.55 90) (size 0.85 0.85) (drill 0.5) (layers *.Cu *.Mask)
      (net 158 /R12))
    (pad 18 thru_hole circle (at 1.905 -0.55 90) (size 0.85 0.85) (drill 0.5) (layers *.Cu *.Mask)
      (net 165 /R10))
    (pad 17 thru_hole circle (at 3.175 -0.55 90) (size 0.85 0.85) (drill 0.5) (layers *.Cu *.Mask)
      (net 159 /R08))
    (pad 16 thru_hole circle (at 4.445 -0.55 90) (size 0.85 0.85) (drill 0.5) (layers *.Cu *.Mask)
      (net 163 /R06))
    (pad 15 thru_hole circle (at 5.715 -0.55 90) (size 0.85 0.85) (drill 0.5) (layers *.Cu *.Mask)
      (net 161 /R04))
    (pad 14 thru_hole circle (at 6.985 -0.55 90) (size 0.85 0.85) (drill 0.5) (layers *.Cu *.Mask)
      (net 164 /R02))
    (pad 13 thru_hole circle (at -7.62 0.55 90) (size 0.85 0.85) (drill 0.5) (layers *.Cu *.Mask))
    (pad 12 thru_hole circle (at -6.35 0.55 90) (size 0.85 0.85) (drill 0.5) (layers *.Cu *.Mask)
      (net 146 /R23))
    (pad 11 thru_hole circle (at -5.08 0.55 90) (size 0.85 0.85) (drill 0.5) (layers *.Cu *.Mask)
      (net 148 /R21))
    (pad 10 thru_hole circle (at -3.81 0.55 90) (size 0.85 0.85) (drill 0.5) (layers *.Cu *.Mask)
      (net 157 /R19))
    (pad 9 thru_hole circle (at -2.54 0.55 90) (size 0.85 0.85) (drill 0.5) (layers *.Cu *.Mask)
      (net 156 /R17))
    (pad 8 thru_hole circle (at -1.27 0.55 90) (size 0.85 0.85) (drill 0.5) (layers *.Cu *.Mask)
      (net 147 /R15))
    (pad 7 thru_hole circle (at 0 0.55 90) (size 0.85 0.85) (drill 0.5) (layers *.Cu *.Mask)
      (net 149 /R13))
    (pad 6 thru_hole circle (at 1.27 0.55 90) (size 0.85 0.85) (drill 0.5) (layers *.Cu *.Mask)
      (net 154 /R11))
    (pad 5 thru_hole circle (at 2.54 0.55 90) (size 0.85 0.85) (drill 0.5) (layers *.Cu *.Mask)
      (net 150 /R09))
    (pad 4 thru_hole circle (at 3.81 0.55 90) (size 0.85 0.85) (drill 0.5) (layers *.Cu *.Mask)
      (net 155 /R07))
    (pad 3 thru_hole circle (at 5.08 0.55 90) (size 0.85 0.85) (drill 0.5) (layers *.Cu *.Mask)
      (net 153 /R05))
    (pad 2 thru_hole circle (at 6.35 0.55 90) (size 0.85 0.85) (drill 0.5) (layers *.Cu *.Mask)
      (net 151 /R03))
    (pad 1 thru_hole circle (at 7.62 0.55 90) (size 0.85 0.85) (drill 0.5) (layers *.Cu *.Mask)
      (net 152 /R01))
  )

  (module Omron_edge_connector:XF2M-5015-1A (layer F.Cu) (tedit 5FBF7FC6) (tstamp 620EC344)
    (at 166.1 99.95 270)
    (path /620E52E7)
    (fp_text reference J3 (at 0 0.5 90) (layer F.SilkS) hide
      (effects (font (size 1 1) (thickness 0.15)))
    )
    (fp_text value Conn_02x25_Top_Bottom (at 0 -0.5 90) (layer F.Fab)
      (effects (font (size 1 1) (thickness 0.15)))
    )
    (fp_poly (pts (xy -13.05 0) (xy -14.75 0) (xy -14.75 -1.5) (xy -13.05 -1.5)) (layer F.Cu) (width 0))
    (fp_poly (pts (xy 14.75 0) (xy 13.05 0) (xy 13.05 -1.5) (xy 14.75 -1.5)) (layer F.Cu) (width 0))
    (pad 50 smd rect (at 12.25 -4.65 270) (size 0.25 1.1) (layers F.Cu F.Paste F.Mask))
    (pad 49 smd rect (at 11.75 -4.65 270) (size 0.25 1.1) (layers F.Cu F.Paste F.Mask))
    (pad 48 smd rect (at 11.25 -4.65 270) (size 0.25 1.1) (layers F.Cu F.Paste F.Mask)
      (net 4 /L48))
    (pad 47 smd rect (at 10.75 -4.65 270) (size 0.25 1.1) (layers F.Cu F.Paste F.Mask)
      (net 86 /L47))
    (pad 46 smd rect (at 10.25 -4.65 270) (size 0.25 1.1) (layers F.Cu F.Paste F.Mask)
      (net 51 /L46))
    (pad 45 smd rect (at 9.75 -4.65 270) (size 0.25 1.1) (layers F.Cu F.Paste F.Mask)
      (net 87 /L45))
    (pad 44 smd rect (at 9.25 -4.65 270) (size 0.25 1.1) (layers F.Cu F.Paste F.Mask)
      (net 52 /L44))
    (pad 43 smd rect (at 8.75 -4.65 270) (size 0.25 1.1) (layers F.Cu F.Paste F.Mask)
      (net 88 /L43))
    (pad 42 smd rect (at 8.25 -4.65 270) (size 0.25 1.1) (layers F.Cu F.Paste F.Mask)
      (net 58 /L42))
    (pad 41 smd rect (at 7.75 -4.65 270) (size 0.25 1.1) (layers F.Cu F.Paste F.Mask)
      (net 89 /L41))
    (pad 40 smd rect (at 7.25 -4.65 270) (size 0.25 1.1) (layers F.Cu F.Paste F.Mask)
      (net 53 /L40))
    (pad 39 smd rect (at 6.75 -4.65 270) (size 0.25 1.1) (layers F.Cu F.Paste F.Mask)
      (net 90 /L39))
    (pad 38 smd rect (at 6.25 -4.65 270) (size 0.25 1.1) (layers F.Cu F.Paste F.Mask)
      (net 55 /L38))
    (pad 37 smd rect (at 5.75 -4.65 270) (size 0.25 1.1) (layers F.Cu F.Paste F.Mask)
      (net 91 /L37))
    (pad 36 smd rect (at 5.25 -4.65 270) (size 0.25 1.1) (layers F.Cu F.Paste F.Mask)
      (net 57 /L36))
    (pad 35 smd rect (at 4.75 -4.65 270) (size 0.25 1.1) (layers F.Cu F.Paste F.Mask)
      (net 92 /L35))
    (pad 34 smd rect (at 4.25 -4.65 270) (size 0.25 1.1) (layers F.Cu F.Paste F.Mask)
      (net 54 /L34))
    (pad 33 smd rect (at 3.75 -4.65 270) (size 0.25 1.1) (layers F.Cu F.Paste F.Mask)
      (net 93 /L33))
    (pad 32 smd rect (at 3.25 -4.65 270) (size 0.25 1.1) (layers F.Cu F.Paste F.Mask)
      (net 60 /L32))
    (pad 31 smd rect (at 2.75 -4.65 270) (size 0.25 1.1) (layers F.Cu F.Paste F.Mask)
      (net 94 /L31))
    (pad 30 smd rect (at 2.25 -4.65 270) (size 0.25 1.1) (layers F.Cu F.Paste F.Mask)
      (net 59 /L30))
    (pad 29 smd rect (at 1.75 -4.65 270) (size 0.25 1.1) (layers F.Cu F.Paste F.Mask)
      (net 95 /L29))
    (pad 28 smd rect (at 1.25 -4.65 270) (size 0.25 1.1) (layers F.Cu F.Paste F.Mask)
      (net 56 /L28))
    (pad 27 smd rect (at 0.75 -4.65 270) (size 0.25 1.1) (layers F.Cu F.Paste F.Mask)
      (net 96 /L27))
    (pad 26 smd rect (at 0.25 -4.65 270) (size 0.25 1.1) (layers F.Cu F.Paste F.Mask)
      (net 61 /L26))
    (pad 25 smd rect (at -0.25 -4.65 270) (size 0.25 1.1) (layers F.Cu F.Paste F.Mask)
      (net 97 /L25))
    (pad 24 smd rect (at -0.75 -4.65 270) (size 0.25 1.1) (layers F.Cu F.Paste F.Mask)
      (net 74 /L24))
    (pad 23 smd rect (at -1.25 -4.65 270) (size 0.25 1.1) (layers F.Cu F.Paste F.Mask)
      (net 62 /L23))
    (pad 22 smd rect (at -1.75 -4.65 270) (size 0.25 1.1) (layers F.Cu F.Paste F.Mask)
      (net 75 /L22))
    (pad 21 smd rect (at -2.25 -4.65 270) (size 0.25 1.1) (layers F.Cu F.Paste F.Mask)
      (net 63 /L21))
    (pad 20 smd rect (at -2.75 -4.65 270) (size 0.25 1.1) (layers F.Cu F.Paste F.Mask)
      (net 76 /L20))
    (pad 19 smd rect (at -3.25 -4.65 270) (size 0.25 1.1) (layers F.Cu F.Paste F.Mask)
      (net 64 /L19))
    (pad 18 smd rect (at -3.75 -4.65 270) (size 0.25 1.1) (layers F.Cu F.Paste F.Mask)
      (net 82 /L18))
    (pad 17 smd rect (at -4.25 -4.65 270) (size 0.25 1.1) (layers F.Cu F.Paste F.Mask)
      (net 70 /L17))
    (pad 16 smd rect (at -4.75 -4.65 270) (size 0.25 1.1) (layers F.Cu F.Paste F.Mask)
      (net 77 /L16))
    (pad 15 smd rect (at -5.25 -4.65 270) (size 0.25 1.1) (layers F.Cu F.Paste F.Mask)
      (net 65 /L15))
    (pad 14 smd rect (at -5.75 -4.65 270) (size 0.25 1.1) (layers F.Cu F.Paste F.Mask)
      (net 79 /L14))
    (pad 13 smd rect (at -6.25 -4.65 270) (size 0.25 1.1) (layers F.Cu F.Paste F.Mask)
      (net 67 /L13))
    (pad 12 smd rect (at -6.75 -4.65 270) (size 0.25 1.1) (layers F.Cu F.Paste F.Mask)
      (net 81 /L12))
    (pad 11 smd rect (at -7.25 -4.65 270) (size 0.25 1.1) (layers F.Cu F.Paste F.Mask)
      (net 69 /L11))
    (pad 10 smd rect (at -7.75 -4.65 270) (size 0.25 1.1) (layers F.Cu F.Paste F.Mask)
      (net 78 /L10))
    (pad 9 smd rect (at -8.25 -4.65 270) (size 0.25 1.1) (layers F.Cu F.Paste F.Mask)
      (net 66 /L09))
    (pad 8 smd rect (at -8.75 -4.65 270) (size 0.25 1.1) (layers F.Cu F.Paste F.Mask)
      (net 84 /L08))
    (pad 7 smd rect (at -9.25 -4.65 270) (size 0.25 1.1) (layers F.Cu F.Paste F.Mask)
      (net 72 /L07))
    (pad 6 smd rect (at -9.75 -4.65 270) (size 0.25 1.1) (layers F.Cu F.Paste F.Mask)
      (net 83 /L06))
    (pad 5 smd rect (at -10.25 -4.65 270) (size 0.25 1.1) (layers F.Cu F.Paste F.Mask)
      (net 71 /L05))
    (pad 4 smd rect (at -10.75 -4.65 270) (size 0.25 1.1) (layers F.Cu F.Paste F.Mask)
      (net 80 /L04))
    (pad 3 smd rect (at -11.25 -4.65 270) (size 0.25 1.1) (layers F.Cu F.Paste F.Mask)
      (net 68 /L03))
    (pad 2 smd rect (at -11.75 -4.65 270) (size 0.25 1.1) (layers F.Cu F.Paste F.Mask)
      (net 85 /L02))
    (pad 1 smd rect (at -12.25 -4.65 270) (size 0.25 1.1) (layers F.Cu F.Paste F.Mask)
      (net 73 /L01))
  )

  (module Omron_edge_connector:XF2M-5015-1A (layer B.Cu) (tedit 5FBF7FC6) (tstamp 620E4A39)
    (at 215.85 99.95 270)
    (path /621E7722)
    (fp_text reference J4 (at 0 -0.5 270) (layer B.SilkS) hide
      (effects (font (size 1 1) (thickness 0.15)) (justify mirror))
    )
    (fp_text value Conn_02x25_Top_Bottom (at 0 0.5 270) (layer B.Fab)
      (effects (font (size 1 1) (thickness 0.15)) (justify mirror))
    )
    (fp_poly (pts (xy 14.75 0) (xy 13.05 0) (xy 13.05 1.5) (xy 14.75 1.5)) (layer B.Cu) (width 0))
    (fp_poly (pts (xy -13.05 0) (xy -14.75 0) (xy -14.75 1.5) (xy -13.05 1.5)) (layer B.Cu) (width 0))
    (pad 50 smd rect (at 12.25 4.65 270) (size 0.25 1.1) (layers B.Cu B.Paste B.Mask))
    (pad 49 smd rect (at 11.75 4.65 270) (size 0.25 1.1) (layers B.Cu B.Paste B.Mask))
    (pad 48 smd rect (at 11.25 4.65 270) (size 0.25 1.1) (layers B.Cu B.Paste B.Mask)
      (net 145 /S48))
    (pad 47 smd rect (at 10.75 4.65 270) (size 0.25 1.1) (layers B.Cu B.Paste B.Mask)
      (net 144 /S47))
    (pad 46 smd rect (at 10.25 4.65 270) (size 0.25 1.1) (layers B.Cu B.Paste B.Mask)
      (net 143 /S46))
    (pad 45 smd rect (at 9.75 4.65 270) (size 0.25 1.1) (layers B.Cu B.Paste B.Mask)
      (net 142 /S45))
    (pad 44 smd rect (at 9.25 4.65 270) (size 0.25 1.1) (layers B.Cu B.Paste B.Mask)
      (net 141 /S44))
    (pad 43 smd rect (at 8.75 4.65 270) (size 0.25 1.1) (layers B.Cu B.Paste B.Mask)
      (net 140 /S43))
    (pad 42 smd rect (at 8.25 4.65 270) (size 0.25 1.1) (layers B.Cu B.Paste B.Mask)
      (net 139 /S42))
    (pad 41 smd rect (at 7.75 4.65 270) (size 0.25 1.1) (layers B.Cu B.Paste B.Mask)
      (net 138 /S41))
    (pad 40 smd rect (at 7.25 4.65 270) (size 0.25 1.1) (layers B.Cu B.Paste B.Mask)
      (net 137 /S40))
    (pad 39 smd rect (at 6.75 4.65 270) (size 0.25 1.1) (layers B.Cu B.Paste B.Mask)
      (net 136 /S39))
    (pad 38 smd rect (at 6.25 4.65 270) (size 0.25 1.1) (layers B.Cu B.Paste B.Mask)
      (net 135 /S38))
    (pad 37 smd rect (at 5.75 4.65 270) (size 0.25 1.1) (layers B.Cu B.Paste B.Mask)
      (net 134 /S37))
    (pad 36 smd rect (at 5.25 4.65 270) (size 0.25 1.1) (layers B.Cu B.Paste B.Mask)
      (net 133 /S36))
    (pad 35 smd rect (at 4.75 4.65 270) (size 0.25 1.1) (layers B.Cu B.Paste B.Mask)
      (net 132 /S35))
    (pad 34 smd rect (at 4.25 4.65 270) (size 0.25 1.1) (layers B.Cu B.Paste B.Mask)
      (net 131 /S34))
    (pad 33 smd rect (at 3.75 4.65 270) (size 0.25 1.1) (layers B.Cu B.Paste B.Mask)
      (net 130 /S33))
    (pad 32 smd rect (at 3.25 4.65 270) (size 0.25 1.1) (layers B.Cu B.Paste B.Mask)
      (net 129 /S32))
    (pad 31 smd rect (at 2.75 4.65 270) (size 0.25 1.1) (layers B.Cu B.Paste B.Mask)
      (net 128 /S31))
    (pad 30 smd rect (at 2.25 4.65 270) (size 0.25 1.1) (layers B.Cu B.Paste B.Mask)
      (net 127 /S30))
    (pad 29 smd rect (at 1.75 4.65 270) (size 0.25 1.1) (layers B.Cu B.Paste B.Mask)
      (net 126 /S29))
    (pad 28 smd rect (at 1.25 4.65 270) (size 0.25 1.1) (layers B.Cu B.Paste B.Mask)
      (net 125 /S28))
    (pad 27 smd rect (at 0.75 4.65 270) (size 0.25 1.1) (layers B.Cu B.Paste B.Mask)
      (net 124 /S27))
    (pad 26 smd rect (at 0.25 4.65 270) (size 0.25 1.1) (layers B.Cu B.Paste B.Mask)
      (net 123 /S26))
    (pad 25 smd rect (at -0.25 4.65 270) (size 0.25 1.1) (layers B.Cu B.Paste B.Mask)
      (net 122 /S25))
    (pad 24 smd rect (at -0.75 4.65 270) (size 0.25 1.1) (layers B.Cu B.Paste B.Mask)
      (net 121 /S24))
    (pad 23 smd rect (at -1.25 4.65 270) (size 0.25 1.1) (layers B.Cu B.Paste B.Mask)
      (net 120 /S23))
    (pad 22 smd rect (at -1.75 4.65 270) (size 0.25 1.1) (layers B.Cu B.Paste B.Mask)
      (net 119 /S22))
    (pad 21 smd rect (at -2.25 4.65 270) (size 0.25 1.1) (layers B.Cu B.Paste B.Mask)
      (net 118 /S21))
    (pad 20 smd rect (at -2.75 4.65 270) (size 0.25 1.1) (layers B.Cu B.Paste B.Mask)
      (net 117 /S20))
    (pad 19 smd rect (at -3.25 4.65 270) (size 0.25 1.1) (layers B.Cu B.Paste B.Mask)
      (net 116 /S19))
    (pad 18 smd rect (at -3.75 4.65 270) (size 0.25 1.1) (layers B.Cu B.Paste B.Mask)
      (net 115 /S18))
    (pad 17 smd rect (at -4.25 4.65 270) (size 0.25 1.1) (layers B.Cu B.Paste B.Mask)
      (net 114 /S17))
    (pad 16 smd rect (at -4.75 4.65 270) (size 0.25 1.1) (layers B.Cu B.Paste B.Mask)
      (net 113 /S16))
    (pad 15 smd rect (at -5.25 4.65 270) (size 0.25 1.1) (layers B.Cu B.Paste B.Mask)
      (net 112 /S15))
    (pad 14 smd rect (at -5.75 4.65 270) (size 0.25 1.1) (layers B.Cu B.Paste B.Mask)
      (net 111 /S14))
    (pad 13 smd rect (at -6.25 4.65 270) (size 0.25 1.1) (layers B.Cu B.Paste B.Mask)
      (net 110 /S13))
    (pad 12 smd rect (at -6.75 4.65 270) (size 0.25 1.1) (layers B.Cu B.Paste B.Mask)
      (net 109 /S12))
    (pad 11 smd rect (at -7.25 4.65 270) (size 0.25 1.1) (layers B.Cu B.Paste B.Mask)
      (net 108 /S11))
    (pad 10 smd rect (at -7.75 4.65 270) (size 0.25 1.1) (layers B.Cu B.Paste B.Mask)
      (net 107 /S10))
    (pad 9 smd rect (at -8.25 4.65 270) (size 0.25 1.1) (layers B.Cu B.Paste B.Mask)
      (net 106 /S09))
    (pad 8 smd rect (at -8.75 4.65 270) (size 0.25 1.1) (layers B.Cu B.Paste B.Mask)
      (net 105 /S08))
    (pad 7 smd rect (at -9.25 4.65 270) (size 0.25 1.1) (layers B.Cu B.Paste B.Mask)
      (net 104 /S07))
    (pad 6 smd rect (at -9.75 4.65 270) (size 0.25 1.1) (layers B.Cu B.Paste B.Mask)
      (net 103 /S06))
    (pad 5 smd rect (at -10.25 4.65 270) (size 0.25 1.1) (layers B.Cu B.Paste B.Mask)
      (net 102 /S05))
    (pad 4 smd rect (at -10.75 4.65 270) (size 0.25 1.1) (layers B.Cu B.Paste B.Mask)
      (net 101 /S04))
    (pad 3 smd rect (at -11.25 4.65 270) (size 0.25 1.1) (layers B.Cu B.Paste B.Mask)
      (net 100 /S03))
    (pad 2 smd rect (at -11.75 4.65 270) (size 0.25 1.1) (layers B.Cu B.Paste B.Mask)
      (net 99 /S02))
    (pad 1 smd rect (at -12.25 4.65 270) (size 0.25 1.1) (layers B.Cu B.Paste B.Mask)
      (net 98 /S01))
  )

  (module Resistor_SMD:R_0402_1005Metric (layer B.Cu) (tedit 5F68FEEE) (tstamp 620DCFEE)
    (at 179 103.4 90)
    (descr "Resistor SMD 0402 (1005 Metric), square (rectangular) end terminal, IPC_7351 nominal, (Body size source: IPC-SM-782 page 72, https://www.pcb-3d.com/wordpress/wp-content/uploads/ipc-sm-782a_amendment_1_and_2.pdf), generated with kicad-footprint-generator")
    (tags resistor)
    (path /622386AF)
    (attr smd)
    (fp_text reference C56 (at 0 1.17 90) (layer B.SilkS) hide
      (effects (font (size 1 1) (thickness 0.15)) (justify mirror))
    )
    (fp_text value C (at 0 -1.17 90) (layer B.Fab) hide
      (effects (font (size 1 1) (thickness 0.15)) (justify mirror))
    )
    (fp_line (start 0.93 -0.47) (end -0.93 -0.47) (layer B.CrtYd) (width 0.05))
    (fp_line (start 0.93 0.47) (end 0.93 -0.47) (layer B.CrtYd) (width 0.05))
    (fp_line (start -0.93 0.47) (end 0.93 0.47) (layer B.CrtYd) (width 0.05))
    (fp_line (start -0.93 -0.47) (end -0.93 0.47) (layer B.CrtYd) (width 0.05))
    (fp_line (start -0.153641 -0.38) (end 0.153641 -0.38) (layer B.SilkS) (width 0.12))
    (fp_line (start -0.153641 0.38) (end 0.153641 0.38) (layer B.SilkS) (width 0.12))
    (fp_line (start 0.525 -0.27) (end -0.525 -0.27) (layer B.Fab) (width 0.1))
    (fp_line (start 0.525 0.27) (end 0.525 -0.27) (layer B.Fab) (width 0.1))
    (fp_line (start -0.525 0.27) (end 0.525 0.27) (layer B.Fab) (width 0.1))
    (fp_line (start -0.525 -0.27) (end -0.525 0.27) (layer B.Fab) (width 0.1))
    (fp_text user %R (at 0 0 90) (layer B.Fab) hide
      (effects (font (size 0.26 0.26) (thickness 0.04)) (justify mirror))
    )
    (pad 2 smd roundrect (at 0.51 0 90) (size 0.54 0.64) (layers B.Cu B.Paste B.Mask) (roundrect_rratio 0.25)
      (net 1 GND))
    (pad 1 smd roundrect (at -0.51 0 90) (size 0.54 0.64) (layers B.Cu B.Paste B.Mask) (roundrect_rratio 0.25)
      (net 125 /S28))
    (model ${KISYS3DMOD}/Resistor_SMD.3dshapes/R_0402_1005Metric.wrl
      (at (xyz 0 0 0))
      (scale (xyz 1 1 1))
      (rotate (xyz 0 0 0))
    )
  )

  (module Resistor_SMD:R_0402_1005Metric (layer F.Cu) (tedit 5F68FEEE) (tstamp 620E156F)
    (at 179 94 90)
    (descr "Resistor SMD 0402 (1005 Metric), square (rectangular) end terminal, IPC_7351 nominal, (Body size source: IPC-SM-782 page 72, https://www.pcb-3d.com/wordpress/wp-content/uploads/ipc-sm-782a_amendment_1_and_2.pdf), generated with kicad-footprint-generator")
    (tags resistor)
    (path /621C5245)
    (attr smd)
    (fp_text reference C38 (at 0 -1.17 90) (layer F.SilkS) hide
      (effects (font (size 1 1) (thickness 0.15)))
    )
    (fp_text value C (at 0 1.17 90) (layer F.Fab) hide
      (effects (font (size 1 1) (thickness 0.15)))
    )
    (fp_line (start 0.93 0.47) (end -0.93 0.47) (layer F.CrtYd) (width 0.05))
    (fp_line (start 0.93 -0.47) (end 0.93 0.47) (layer F.CrtYd) (width 0.05))
    (fp_line (start -0.93 -0.47) (end 0.93 -0.47) (layer F.CrtYd) (width 0.05))
    (fp_line (start -0.93 0.47) (end -0.93 -0.47) (layer F.CrtYd) (width 0.05))
    (fp_line (start -0.153641 0.38) (end 0.153641 0.38) (layer F.SilkS) (width 0.12))
    (fp_line (start -0.153641 -0.38) (end 0.153641 -0.38) (layer F.SilkS) (width 0.12))
    (fp_line (start 0.525 0.27) (end -0.525 0.27) (layer F.Fab) (width 0.1))
    (fp_line (start 0.525 -0.27) (end 0.525 0.27) (layer F.Fab) (width 0.1))
    (fp_line (start -0.525 -0.27) (end 0.525 -0.27) (layer F.Fab) (width 0.1))
    (fp_line (start -0.525 0.27) (end -0.525 -0.27) (layer F.Fab) (width 0.1))
    (fp_text user %R (at 0 0 90) (layer F.Fab) hide
      (effects (font (size 0.26 0.26) (thickness 0.04)))
    )
    (pad 2 smd roundrect (at 0.51 0 90) (size 0.54 0.64) (layers F.Cu F.Paste F.Mask) (roundrect_rratio 0.25)
      (net 1 GND))
    (pad 1 smd roundrect (at -0.51 0 90) (size 0.54 0.64) (layers F.Cu F.Paste F.Mask) (roundrect_rratio 0.25)
      (net 116 /S19))
    (model ${KISYS3DMOD}/Resistor_SMD.3dshapes/R_0402_1005Metric.wrl
      (at (xyz 0 0 0))
      (scale (xyz 1 1 1))
      (rotate (xyz 0 0 0))
    )
  )

  (module Resistor_SMD:R_0402_1005Metric (layer B.Cu) (tedit 5F68FEEE) (tstamp 620DA466)
    (at 177 125.05 180)
    (descr "Resistor SMD 0402 (1005 Metric), square (rectangular) end terminal, IPC_7351 nominal, (Body size source: IPC-SM-782 page 72, https://www.pcb-3d.com/wordpress/wp-content/uploads/ipc-sm-782a_amendment_1_and_2.pdf), generated with kicad-footprint-generator")
    (tags resistor)
    (path /62238B01)
    (attr smd)
    (fp_text reference R92 (at 0 1.17) (layer B.SilkS) hide
      (effects (font (size 1 1) (thickness 0.15)) (justify mirror))
    )
    (fp_text value R (at 0 -1.17) (layer B.Fab) hide
      (effects (font (size 1 1) (thickness 0.15)) (justify mirror))
    )
    (fp_line (start 0.93 -0.47) (end -0.93 -0.47) (layer B.CrtYd) (width 0.05))
    (fp_line (start 0.93 0.47) (end 0.93 -0.47) (layer B.CrtYd) (width 0.05))
    (fp_line (start -0.93 0.47) (end 0.93 0.47) (layer B.CrtYd) (width 0.05))
    (fp_line (start -0.93 -0.47) (end -0.93 0.47) (layer B.CrtYd) (width 0.05))
    (fp_line (start -0.153641 -0.38) (end 0.153641 -0.38) (layer B.SilkS) (width 0.12))
    (fp_line (start -0.153641 0.38) (end 0.153641 0.38) (layer B.SilkS) (width 0.12))
    (fp_line (start 0.525 -0.27) (end -0.525 -0.27) (layer B.Fab) (width 0.1))
    (fp_line (start 0.525 0.27) (end 0.525 -0.27) (layer B.Fab) (width 0.1))
    (fp_line (start -0.525 0.27) (end 0.525 0.27) (layer B.Fab) (width 0.1))
    (fp_line (start -0.525 -0.27) (end -0.525 0.27) (layer B.Fab) (width 0.1))
    (fp_text user %R (at 0 0) (layer B.Fab) hide
      (effects (font (size 0.26 0.26) (thickness 0.04)) (justify mirror))
    )
    (pad 2 smd roundrect (at 0.51 0 180) (size 0.54 0.64) (layers B.Cu B.Paste B.Mask) (roundrect_rratio 0.25)
      (net 50 "Net-(C91-Pad1)"))
    (pad 1 smd roundrect (at -0.51 0 180) (size 0.54 0.64) (layers B.Cu B.Paste B.Mask) (roundrect_rratio 0.25)
      (net 143 /S46))
    (model ${KISYS3DMOD}/Resistor_SMD.3dshapes/R_0402_1005Metric.wrl
      (at (xyz 0 0 0))
      (scale (xyz 1 1 1))
      (rotate (xyz 0 0 0))
    )
  )

  (module Resistor_SMD:R_0402_1005Metric (layer B.Cu) (tedit 5F68FEEE) (tstamp 620DA455)
    (at 175 124.05 180)
    (descr "Resistor SMD 0402 (1005 Metric), square (rectangular) end terminal, IPC_7351 nominal, (Body size source: IPC-SM-782 page 72, https://www.pcb-3d.com/wordpress/wp-content/uploads/ipc-sm-782a_amendment_1_and_2.pdf), generated with kicad-footprint-generator")
    (tags resistor)
    (path /62238AED)
    (attr smd)
    (fp_text reference R91 (at 0 1.17) (layer B.SilkS) hide
      (effects (font (size 1 1) (thickness 0.15)) (justify mirror))
    )
    (fp_text value R (at 0 -1.17) (layer B.Fab) hide
      (effects (font (size 1 1) (thickness 0.15)) (justify mirror))
    )
    (fp_line (start 0.93 -0.47) (end -0.93 -0.47) (layer B.CrtYd) (width 0.05))
    (fp_line (start 0.93 0.47) (end 0.93 -0.47) (layer B.CrtYd) (width 0.05))
    (fp_line (start -0.93 0.47) (end 0.93 0.47) (layer B.CrtYd) (width 0.05))
    (fp_line (start -0.93 -0.47) (end -0.93 0.47) (layer B.CrtYd) (width 0.05))
    (fp_line (start -0.153641 -0.38) (end 0.153641 -0.38) (layer B.SilkS) (width 0.12))
    (fp_line (start -0.153641 0.38) (end 0.153641 0.38) (layer B.SilkS) (width 0.12))
    (fp_line (start 0.525 -0.27) (end -0.525 -0.27) (layer B.Fab) (width 0.1))
    (fp_line (start 0.525 0.27) (end 0.525 -0.27) (layer B.Fab) (width 0.1))
    (fp_line (start -0.525 0.27) (end 0.525 0.27) (layer B.Fab) (width 0.1))
    (fp_line (start -0.525 -0.27) (end -0.525 0.27) (layer B.Fab) (width 0.1))
    (fp_text user %R (at 0 0) (layer B.Fab) hide
      (effects (font (size 0.26 0.26) (thickness 0.04)) (justify mirror))
    )
    (pad 2 smd roundrect (at 0.51 0 180) (size 0.54 0.64) (layers B.Cu B.Paste B.Mask) (roundrect_rratio 0.25)
      (net 51 /L46))
    (pad 1 smd roundrect (at -0.51 0 180) (size 0.54 0.64) (layers B.Cu B.Paste B.Mask) (roundrect_rratio 0.25)
      (net 50 "Net-(C91-Pad1)"))
    (model ${KISYS3DMOD}/Resistor_SMD.3dshapes/R_0402_1005Metric.wrl
      (at (xyz 0 0 0))
      (scale (xyz 1 1 1))
      (rotate (xyz 0 0 0))
    )
  )

  (module Resistor_SMD:R_0402_1005Metric (layer F.Cu) (tedit 5F68FEEE) (tstamp 620DA444)
    (at 177 125.05 180)
    (descr "Resistor SMD 0402 (1005 Metric), square (rectangular) end terminal, IPC_7351 nominal, (Body size source: IPC-SM-782 page 72, https://www.pcb-3d.com/wordpress/wp-content/uploads/ipc-sm-782a_amendment_1_and_2.pdf), generated with kicad-footprint-generator")
    (tags resistor)
    (path /62238AC3)
    (attr smd)
    (fp_text reference R90 (at 0 -1.17) (layer F.SilkS) hide
      (effects (font (size 1 1) (thickness 0.15)))
    )
    (fp_text value R (at 0 1.17) (layer F.Fab) hide
      (effects (font (size 1 1) (thickness 0.15)))
    )
    (fp_line (start 0.93 0.47) (end -0.93 0.47) (layer F.CrtYd) (width 0.05))
    (fp_line (start 0.93 -0.47) (end 0.93 0.47) (layer F.CrtYd) (width 0.05))
    (fp_line (start -0.93 -0.47) (end 0.93 -0.47) (layer F.CrtYd) (width 0.05))
    (fp_line (start -0.93 0.47) (end -0.93 -0.47) (layer F.CrtYd) (width 0.05))
    (fp_line (start -0.153641 0.38) (end 0.153641 0.38) (layer F.SilkS) (width 0.12))
    (fp_line (start -0.153641 -0.38) (end 0.153641 -0.38) (layer F.SilkS) (width 0.12))
    (fp_line (start 0.525 0.27) (end -0.525 0.27) (layer F.Fab) (width 0.1))
    (fp_line (start 0.525 -0.27) (end 0.525 0.27) (layer F.Fab) (width 0.1))
    (fp_line (start -0.525 -0.27) (end 0.525 -0.27) (layer F.Fab) (width 0.1))
    (fp_line (start -0.525 0.27) (end -0.525 -0.27) (layer F.Fab) (width 0.1))
    (fp_text user %R (at 0 0) (layer F.Fab) hide
      (effects (font (size 0.26 0.26) (thickness 0.04)))
    )
    (pad 2 smd roundrect (at 0.51 0 180) (size 0.54 0.64) (layers F.Cu F.Paste F.Mask) (roundrect_rratio 0.25)
      (net 49 "Net-(C89-Pad1)"))
    (pad 1 smd roundrect (at -0.51 0 180) (size 0.54 0.64) (layers F.Cu F.Paste F.Mask) (roundrect_rratio 0.25)
      (net 142 /S45))
    (model ${KISYS3DMOD}/Resistor_SMD.3dshapes/R_0402_1005Metric.wrl
      (at (xyz 0 0 0))
      (scale (xyz 1 1 1))
      (rotate (xyz 0 0 0))
    )
  )

  (module Resistor_SMD:R_0402_1005Metric (layer F.Cu) (tedit 5F68FEEE) (tstamp 620DA433)
    (at 175 124.05 180)
    (descr "Resistor SMD 0402 (1005 Metric), square (rectangular) end terminal, IPC_7351 nominal, (Body size source: IPC-SM-782 page 72, https://www.pcb-3d.com/wordpress/wp-content/uploads/ipc-sm-782a_amendment_1_and_2.pdf), generated with kicad-footprint-generator")
    (tags resistor)
    (path /62238AAF)
    (attr smd)
    (fp_text reference R89 (at 0 -1.17) (layer F.SilkS) hide
      (effects (font (size 1 1) (thickness 0.15)))
    )
    (fp_text value R (at 0 1.17) (layer F.Fab) hide
      (effects (font (size 1 1) (thickness 0.15)))
    )
    (fp_line (start 0.93 0.47) (end -0.93 0.47) (layer F.CrtYd) (width 0.05))
    (fp_line (start 0.93 -0.47) (end 0.93 0.47) (layer F.CrtYd) (width 0.05))
    (fp_line (start -0.93 -0.47) (end 0.93 -0.47) (layer F.CrtYd) (width 0.05))
    (fp_line (start -0.93 0.47) (end -0.93 -0.47) (layer F.CrtYd) (width 0.05))
    (fp_line (start -0.153641 0.38) (end 0.153641 0.38) (layer F.SilkS) (width 0.12))
    (fp_line (start -0.153641 -0.38) (end 0.153641 -0.38) (layer F.SilkS) (width 0.12))
    (fp_line (start 0.525 0.27) (end -0.525 0.27) (layer F.Fab) (width 0.1))
    (fp_line (start 0.525 -0.27) (end 0.525 0.27) (layer F.Fab) (width 0.1))
    (fp_line (start -0.525 -0.27) (end 0.525 -0.27) (layer F.Fab) (width 0.1))
    (fp_line (start -0.525 0.27) (end -0.525 -0.27) (layer F.Fab) (width 0.1))
    (fp_text user %R (at 0 0) (layer F.Fab) hide
      (effects (font (size 0.26 0.26) (thickness 0.04)))
    )
    (pad 2 smd roundrect (at 0.51 0 180) (size 0.54 0.64) (layers F.Cu F.Paste F.Mask) (roundrect_rratio 0.25)
      (net 87 /L45))
    (pad 1 smd roundrect (at -0.51 0 180) (size 0.54 0.64) (layers F.Cu F.Paste F.Mask) (roundrect_rratio 0.25)
      (net 49 "Net-(C89-Pad1)"))
    (model ${KISYS3DMOD}/Resistor_SMD.3dshapes/R_0402_1005Metric.wrl
      (at (xyz 0 0 0))
      (scale (xyz 1 1 1))
      (rotate (xyz 0 0 0))
    )
  )

  (module Resistor_SMD:R_0402_1005Metric (layer B.Cu) (tedit 5F68FEEE) (tstamp 620DA422)
    (at 177 122.7 180)
    (descr "Resistor SMD 0402 (1005 Metric), square (rectangular) end terminal, IPC_7351 nominal, (Body size source: IPC-SM-782 page 72, https://www.pcb-3d.com/wordpress/wp-content/uploads/ipc-sm-782a_amendment_1_and_2.pdf), generated with kicad-footprint-generator")
    (tags resistor)
    (path /62238A85)
    (attr smd)
    (fp_text reference R88 (at 0 1.17) (layer B.SilkS) hide
      (effects (font (size 1 1) (thickness 0.15)) (justify mirror))
    )
    (fp_text value R (at 0 -1.17) (layer B.Fab) hide
      (effects (font (size 1 1) (thickness 0.15)) (justify mirror))
    )
    (fp_line (start 0.93 -0.47) (end -0.93 -0.47) (layer B.CrtYd) (width 0.05))
    (fp_line (start 0.93 0.47) (end 0.93 -0.47) (layer B.CrtYd) (width 0.05))
    (fp_line (start -0.93 0.47) (end 0.93 0.47) (layer B.CrtYd) (width 0.05))
    (fp_line (start -0.93 -0.47) (end -0.93 0.47) (layer B.CrtYd) (width 0.05))
    (fp_line (start -0.153641 -0.38) (end 0.153641 -0.38) (layer B.SilkS) (width 0.12))
    (fp_line (start -0.153641 0.38) (end 0.153641 0.38) (layer B.SilkS) (width 0.12))
    (fp_line (start 0.525 -0.27) (end -0.525 -0.27) (layer B.Fab) (width 0.1))
    (fp_line (start 0.525 0.27) (end 0.525 -0.27) (layer B.Fab) (width 0.1))
    (fp_line (start -0.525 0.27) (end 0.525 0.27) (layer B.Fab) (width 0.1))
    (fp_line (start -0.525 -0.27) (end -0.525 0.27) (layer B.Fab) (width 0.1))
    (fp_text user %R (at 0 0) (layer B.Fab) hide
      (effects (font (size 0.26 0.26) (thickness 0.04)) (justify mirror))
    )
    (pad 2 smd roundrect (at 0.51 0 180) (size 0.54 0.64) (layers B.Cu B.Paste B.Mask) (roundrect_rratio 0.25)
      (net 48 "Net-(C87-Pad1)"))
    (pad 1 smd roundrect (at -0.51 0 180) (size 0.54 0.64) (layers B.Cu B.Paste B.Mask) (roundrect_rratio 0.25)
      (net 141 /S44))
    (model ${KISYS3DMOD}/Resistor_SMD.3dshapes/R_0402_1005Metric.wrl
      (at (xyz 0 0 0))
      (scale (xyz 1 1 1))
      (rotate (xyz 0 0 0))
    )
  )

  (module Resistor_SMD:R_0402_1005Metric (layer B.Cu) (tedit 5F68FEEE) (tstamp 620DA411)
    (at 175 121.7 180)
